35,58,32,63,89,99,72,79,68
86,51,18,55,24,17,65,14,26,54,41,47,97,69,19,36,42,85,98
21,22,58,33,75,47,69,42,17,26,37
11,47,69,85,94,51,55,37,59,95,65
75,58,44,68,49,63,13,39,33,46,27,62,87,53,22,11,69,48,72
54,19,46,65,44,68,99
33,11,75,78,47,69,53,14,85,94,51,55,26,37,86,97,59,18,54,95,19
94,22,62,37,11,14,97,86,33,26,69,42,17,58,59,55,53,75,72,51,48
44,68,73,27,13,46,22,58,72,75,78
46,62,75,78,47,53,97
69,53,14,94,55,17,86,54,41
63,58,32,87,62,48,35,22,79,39,73,65,44,99,24,49,36,46,27,13,98
86,53,14,94,47,75,97,85,59,78,42,26,55,72,69,41,37,11,54
47,69,53,14,42,85,94,51,55,17,26,97,59,41,95,19,98,36,24
35,39,87,68,73,27,13,49,46,62,22,48,58,72,33,75,78,47,69,53,42
97,63,89,51,99,35,37,95,19
86,59,54,41,19,98,89,79,32,44,63,35,39,87,68,73,27
46,22,42,85,51,17,97
55,53,72,47,69,17,11,27,33
13,33,21,26,48,11,62,85,78,49,47,51,17,75,55
79,35,87,39,21,58,48,33,11,13,68,62,49,75,78,73,89,46,32,44,63,27,72
68,13,62,11,75
95,19,65,98,36,24,99,89,79,44,63,39,68,73,27,21,49,62,22
33,11,42,75,55,26,58,59,97,72,51,41,47,78,86,14,94,17,37,53,69
79,26,37,36,35
78,53,42,94,51,55,17,37,86,97,59,95,19,65,98
99,32,44,35,21,22,48,33,75
97,69,18,14,55,53,22,59,33,86,11,75,72,26,47,42,85,51,48,37,58,94,17
78,55,54,95,37,86,33,42,26,18,17,59,75,11,72,14,97,41,69,94,47
95,78,51,19,18,59,17,37,53,36,54,94,26
98,95,41,14,85,86,54,51,89,94,97,42,19,24,99,65,36
19,65,98,36,24,99,79,32,63,35,39,87,68,73,27,21,49,46,62,22,48
79,32,44,63,39,68,73,27,49,46,62,48,72,11,75,78,47
85,11,47,17,75,33,78,62,22,55,69,94,48,59,86
98,24,44,63,73,27,21,46,72
24,79,68,73,21,46,48
46,32,79,13,36,19,68,49,21,27,65,99,89
13,35,75,99,39,68,32
11,89,99,68,58,49,48,24,87,62,22
97,26,41,51,37,85,36,94,99,18,95,59,89,32,24,98,44,79,19,17,55
46,33,17,13,53,47,26,21,55,72,42,69,49,78,85
48,58,33,11,75,78,47,69,53,42,85,94,51,55,26,37,86,97,59,18,54
87,97,18,95,36,39,19,86,32,24,54,99,63,65,41,35,89,44,27,59,68,98,79
44,99,35,37,41,55,98,86,89,26,36,65,32,54,39
63,21,18,99,27,32,49,13,65,35,95,54,73,19,89,79,41
55,26,37,86,18,41,95,19,65,98,36,99,32,44,63,35,39
18,54,41,95,19,98,36,24,99,89,79,32,44,63,35,39,87,27,13,21,49
48,62,73,14,11,53,13,68,39,47,78,21,75,22,49,72,87,42,35,58,27,33,69
49,48,58,47,69,94,26,37,86
97,59,18,54,41,65,98,24,99,79,44,73,13
54,41,95,19,65,98,36,99,79,32,44,63,35,39,87,73,27,13,21,49,46
22,35,24,62,32
39,87,68,73,13,21,46,62,22,48,72,11,75,78,53,14,85
33,46,73,75,51,49,27,68,13
33,11,75,78,47,69,53,14,42,85,94,51,55,86,97,59,18,54,41,95,19
65,18,21,68,59,63,73,79,44,99,24
98,99,89,79,32,44,35,87,68,73,27,13,21,49,48,58,72
22,48,58,33,11,75,78,47,69,14,42,85,51,55,17,26,86,97,18
14,42,94,55,17,26,37,86,97,18,54,65,98,36,99,89,79
89,32,44,63,35,39,87,68,73,27,13,21,49,62,22,48,58,72,33,11,75
26,37,86,97,59,18,54,41,19,65,98,36,24,99,89,79,32,44,63,35,39,87,68
14,97,18,36,42,17,51,98,95,55,54,94,47,85,53
58,72,33,11,75,78,69,53,14,42,85,55,17,26,37,86,59,18,54
17,86,97,95,98,24,99,79,87
48,63,27,24,35,13,46,87,44,68,32,89,21,36,65,39,98,49,22,79,19
48,51,21,73,85,53,33,47,13,49,94,72,62,27,68,42,75,69,11
32,63,35,39,27,13,21,46,62,22,48,58,72,11,75,78,47
75,62,21,49,22,68,11,44,58,78,79
36,99,89,32,39,87,73,13,62,22,48,72,33
41,78,98,14,19,47,53,94,36
68,73,48,75,69,14,42,85,51
44,63,68,73,13,21,62,58,33,11,53
69,75,46,11,47,22,94,72,48,21,85,26,17,42,13
95,19,99,32,13
17,26,37,97,59,18,54,19,65,36,99,89,79,32,44,63,35,39,87
37,97,59,54,41,19,65,98,36,24,99,79,32,44,63,35,39,68,73
85,17,94,22,46,58,37,62,48,78,69,97,53,14,26,72,75,47,51,55,33
79,32,44,35,39,87,68,73,27,13,49,46,22,48,58,72,33,11,75,78,47
59,18,54,41,19,65,98,36,24,99,89,79,32,44,63,35,39,87,68,27,21
75,69,53,14,85,94,51,17,26,37,86,97,59,18,54,41,19,65,98
69,53,14,42,85,94,51,55,17,26,86,97,59,18,54,41,19,98,36,24,99
63,75,87,69,13,11,14,39,46
73,49,46,22,58,72,33,11,47,69,42,85,55
14,98,69,36,19,78,54
75,26,53,69,59,17,58,47,97,37,51,86,94,33,42,18,72,41,54
78,53,14,42,94,51,26,37,86,97,59,18,54,41,19
11,78,69,85,94,51,26,19,65
87,33,48,36,58,72,73
65,89,79,32,35,87,68,27,13,21,49,62,48
48,58,11,47,69,53,14,42,94,55,17,26,37,86,97,18,54
46,44,89,79,21,48,13,73,22,98,72,58,24,27,99,63,35,68,36
87,46,58,47,42,85,94
24,44,87,73,46,48,72
14,62,33,85,53,72,94,49,86,26,37,55,58
98,36,24,99,89,79,32,44,63,35,39,87,68,73,27,13,21,49,46,22,48,58,72
51,53,59,36,54,41,19,98,65,37,97,94,86,89,99,24,14,26,42
47,48,69,72,39,27,46,87,11
78,22,62,48,47,14,51
78,14,53,11,49,68,94,46,27,48,75,22,51
44,63,35,87,68,73,27,13,49,62,22,48,58,33,11,75,78,47,69
39,68,13,46,48,14,85
94,17,37,18,41,19,44
47,69,53,85,94,55,26,37,86,59,54,41,19
47,69,42,85,94,51,55,26,97,59,18,54,41,19,65,36,24
75,85,78,17,33,26,53,86,22,97,46,69,51
89,35,39,27,49,48,58
59,86,26,94,89,18,63
63,33,58,48,69,44,22,32,47
33,11,75,78,47,69,53,14,42,85,94,55,17,26,37,86,97,59,18,54,41,95,19
98,26,75,85,65,19,95
24,99,79,32,63,35,39,87,68,73,27,21,49,46,62,22,48,58,72,33,11
94,44,65,32,99,24,17,51,19,41,98,55,95,86,89
26,47,72,78,94,46,69,51,42,37,62,14,11,48,22,85,17,58,49
65,24,44,27,21,49,58
41,95,19,65,98,24,99,89,79,32,44,63,35,87,68,73,27,13,21,46,62
86,78,18,94,37,22,75
18,54,95,65,24,89,32,44,63,35,87,73,27,13,49
24,37,18,55,86,47,14,41,26,98,94,36,51,54,59,69,85,95,42
73,46,33,13,21,69,62,32,63,47,78
18,54,41,95,65,98,36,24,99,89,79,44,63,35,39,68,73,27,13,21,49
97,54,41,95,65,98,24,89,32,44,63,35,87,68,73,27,13
35,63,65,44,18,73,89,79,32,21,87,68,54,13,98,36,99,41,24,27,19,59,39
73,24,32,87,97,89,63,36,35,65,95,19,18,54,41,98,68,59,27,13,39
86,18,54,41,95,19,65,98,36,24,79,32,44,63,35,73,27
37,97,59,18,54,95,19,65,98,36,24,99,89,79,32,63,35,39,87,68,73
59,18,54,41,95,65,98,24,99,89,79,32,44,63,39,68,27,13,21
17,85,36,37,41,95,55,14,94,99,97
35,68,73,27,46,62,72,78,42
11,14,42,85,94,37,86,97,59,54,95,19,65
44,63,35,87,68,73,27,13,21,49,46,48,58,72,33,75,78,47,53
98,86,99,69,18,14,59,19,95,94,85,41,24,26,37,53,51
48,58,33,11,75,78,47,69,53,14,42,85,94,51,55,17,37,86,97,59,54
27,13,21,49,46,62,22,48,58,11,75,78,47,69,53,14,85,94,51,55,17
97,36,32,24,44,39,99,13,59,27,19,98,79,54,35,89,73,65,68
39,87,27,49,46,62,48,33,11,47,53,14,85
99,79,32,44,35,87,73,13,21,49,46,62,48,58,33,11,75
59,95,19,89,63,13,21
42,59,75,53,94,17,19,65,26,98,54
78,33,72,42,39,69,62
73,75,55,47,85,33,94,49,11
48,58,72,33,11,78,47,69,53,14,42,85,94,51,55,17,26,37,86,97,59,18,54
69,14,85,94,55,17,37,86,97,18,65,36,99
73,75,47,42,85,94,55
62,13,21,87,99,65,24,89,39,49,44,32,35,63,68,79,46,19,98,36,73,22,95
86,17,98,44,35,54,18,87,99,19,36,41,24
87,27,13,62,58,72,69,85,94
19,98,36,99,79,32,44,63,35,39,87,68,13,21,46,22,48
65,98,36,89,79,44,35,87,68,13,58
99,98,59,89,44,95,85
46,39,62,79,63,21,27,13,35,73,33,49,68,75,58,22,87,11,48
62,89,79,35,49,78,46,68,33,21,87,63,72,39,58,44,48,32,75,13,22
32,51,54,42,89,85,94,99,24
97,86,17,36,99,26,65,14,59,24,51,94,18,69,42,53,54
13,89,75,35,73,11,99,33,63,49,27
26,94,14,72,54,17,85,42,97,59,95,51,37,18,33
65,98,24,99,89,32,44,63,35,87,73,27,21,49,46,62,58
73,21,62,48,33,78,85,94,55
48,58,72,33,11,75,78,47,69,53,14,42,94,51,55,17,26,37,86,97,59,18,54
27,13,21,49,46,62,22,48,58,72,33,11,75,47,53,14,85,94,51,55,17
18,97,86,24,68,95,36,65,37,59,19,99,39
39,87,68,13,49,46,62,48,58,72,33,11,75,78,69,53,14,42,85
18,41,19,99,79,63,73
24,89,32,87,68,21,22,48,58,33,11
24,89,68,62,73,35,32,21,99,22,44,49,48,19,46,39,13
63,79,59,97,36,32,73,24,13,89,68,39,54,35,18,27,87
59,18,39,24,86
86,79,51,36,63
68,21,46,58,72,69,42,85,51
62,58,11,13,33,53,47,73,75,78,48,27,42,69,87,22,46,14,72,49,35
42,85,17,37,86,97,59,54,41,95,65,98,36,24,89,79,32
85,94,51,55,17,26,97,59,54,65,24,89,44
98,32,24,21,39,65,22,35,49,89,48,99,44,87,68,63,79,73,19,62,13
54,41,65,98,36,99,44,63,35,39,68,73,13,49,46
35,19,44,68,36,32,73,27,18,54,39,87,24,99,79
98,24,79,27,49,62,72
24,99,89,32,63,39,87,27,21,49,46,62,58,33,11
42,85,94,51,55,17,26,37,86,97,95,19,65,98,36,24,99,79,32
24,37,94,65,99,59,89,36,63
13,51,58,42,62,47,11,73,48,27,49,21,94,33,68,69,78,72,22
42,94,97,14,85,54,95,26,78,37,41,55,75,69,65,51,47,17,98,19,86
78,87,22,11,89,68,73,79,32,46,13,48,62,58,72,39,75,21,35
99,89,44,39,87,73,49,72,75
73,44,95,87,98,41,63,62,32,68,35,65,24,89,36,19,13,99,79
47,14,42,85,86,97,18,54,41,95,24
27,95,19,46,49,44,65,21,32,13,41,54,63
75,78,47,53,55,19,98
18,41,95,36,89,35,39,87,68,73,13,21,49